y <- 
structure(c(0, 2, 2, 0, 0, 0, 2, 1, 0, 2, 4, 0, 0, 0, 0, 0, 0, 0, 0, 0, 1, 0, 0,
1, 0, 1, 2, 0, 1, 1, 0, 0, 0, 0, 1, 1, 1, 2, 0, 0, 2, 3, 0, 0, 0, 0, 0, 0, 0, 0,
0, 0, 0, 0, 0, 0, 0, 0, 2, 0, 0, 0, 0, 0, 0, 0, 0, 0, 0, 0, 0, 0, 0, 0, 0, 0, 0,
0, 0, 0, 0, 0, 0, 0, 0, 0, 0, 0, 0, 0, 0, 0, 0, 0, 0, 1, 0, 1, 0, 0, 0, 1, 0, 1,
1, 0, 0, 1, 2, 0, 0, 0, 2, 2, 1, 2, 4, 2, 0, 1, 0, 0, 0, 0, 0, 0, 1, 0, 0, 2, 1,
0, 2, 0, 1, 1, 0, 0, 0, 1, 1, 2, 2, 2, 1, 0, 2, 3, 0, 0, 0, 0, 0, 0, 0, 0, 0, 0,
0, 0, 0, 0, 0, 0, 1, 0, 0, 0, 0, 0, 0, 0, 0, 0, 0, 0, 0, 0, 0, 0, 0, 0, 0, 0, 0,
0, 0, 0, 0, 0, 0, 0, 0, 0, 0, 0, 0, 0, 0, 0, 0, 1, 0, 0, 0, 0, 0, 0, 0, 1, 0,
0),
.Dim = c(106, 2))
elevation <- 
c(1010, 1101, 1119, 531, 976, 988, 1216, 1025, 1124, 1149, 1188,
1183, 1048, 1079, 1016, 1045, 1029, 1040, 1112, 1171, 1177, 863, 907, 971, 998,
1011, 1296, 252, 962, 1223, 1353, 537, 1040, 1249, 1178, 1251, 1125, 1235, 294,
1280, 1211, 1167, 277, 1027, 190, 645, 318, 365, 466, 566, 671, 870, 766, 811,
258, 1004, 571, 1048, 1023, 1213, 212, 215, 967, 232, 287, 203, 1060, 1073, 215,
417, 471, 129, 230, 393, 285, 364, 404, 330, 170, 209, 503, 615, 181, 267, 374,
394, 440, 316, 355, 369, 712, 833, 499, 748, 923, 1387, 322, 1186, 972, 404,
1196, 1227, 561, 1386, 1133, 1227)
elevation_std <- 
c(0.304050323056611, 0.422096989033833, 0.445446879007349,
-0.317316193460852, 0.259944975328858, 0.275511568644536, 0.571276841642409,
0.323508564701208, 0.451932959555548, 0.484363362296543, 0.534954790572495,
0.528468710024296, 0.353344535222923, 0.393558234621757, 0.31183361971445,
0.349452886894004, 0.328697429139767, 0.342966806345805, 0.436366366239871,
0.512902116708619, 0.520685413366457, 0.113359554939561, 0.170437063763712,
0.253458894780659, 0.288483729740934, 0.305347539166251, 0.675054130413593,
-0.679239488050356, 0.241783949793901, 0.580357354409888, 0.748995448663062,
-0.309532896803013, 0.342966806345805, 0.614084973260523, 0.521982629476097,
0.616679405479802, 0.453230175665188, 0.595923947725566, -0.624756411445484,
0.654298672659357, 0.56479076109421, 0.507713252270059, -0.646809085309361,
0.326102996920488, -0.759666886848023, -0.169433556961915, -0.593623224814129,
-0.532654067661059, -0.401635240587439, -0.271913629623459, -0.13570593811128,
0.122440067707039, -0.0124704076954996, 0.0459043172382913, -0.671456191392517,
0.296267026398772, -0.26542754907526, 0.353344535222923, 0.320914132481928,
0.56738519331349, -0.731128132435948, -0.727236484107028, 0.2482700303421,
-0.705183810243152, -0.633836924212963, -0.742803077422706, 0.368911128538601,
0.385774937963918, -0.727236484107028, -0.465198829959789, -0.39514916003924,
-0.838797069536051, -0.707778242462431, -0.496332016591144, -0.636431356432242,
-0.533951283770698, -0.482062639385107, -0.578056631498452, -0.785611209040819,
-0.735019780764867, -0.353638244530766, -0.208350040251109, -0.771341831834781,
-0.659781246405759, -0.5209791226743, -0.495034800481504, -0.435362859438074,
-0.596217657033409, -0.545626228757457, -0.527465203222499, -0.0825200776160487,
0.0744430716503668, -0.358827108969326, -0.035820297669016, 0.191192521517949,
0.793100796390815, -0.58843436037557, 0.532360358353215, 0.254756110890299,
-0.482062639385107, 0.545332519449613, 0.585546218848447, -0.278399710171658,
0.791803580281175, 0.463607904542306, 0.585546218848447)
R <- 106
J <- 2
K <- 10
