y <- 
structure(c(1, 2, 3, 3, 0, 1, 1, 2, 0, 1, 2, 1, 0, 0, 0, 2, 3, 2, 4, 0, 2, 2, 4,
3, 1, 1, 2, 2, 2, 0, 0, 2, 0, 2, 0, 2, 1, 2, 0, 0, 0, 2, 3, 0, 3, 5, 4, 1, 2, 1,
0, 1, 1, 1, 1, 0, 0, 1, 7, 0, 2, 0, 2, 3, 3, 1, 5, 3, 1, 1, 0, 0, 1, 2, 2, 2, 0,
0, 1, 1, 1, 2, 1, 0, 3, 3, 1, 1, 1, 3, 3, 1, 2, 5, 2, 1, 3, 2, 2, 0, 0, 3, 0, 1,
3, 0, 2, 0, 1, 2, 0, 1, 1, 1, 2, 2, 3, 1, 0, 0, 1, 0, 0, 2, 0, 2, 5, 4, 1, 3, 3,
1, 0, 2, 4, 0, 0, 4, 2, 0, 1, 1, 0, 0, 0, 1, 1, 1, 1, 2, 5, 2, 1, 1, 3, 0, 1, 2,
1, 0, 2, 1, 0, 0, 1, 2, 2, 1, 0, 0, 2, 0, 2, 0, 0, 3, 0, 0, 1, 0, 0, 0, 1, 1, 0,
1, 0, 1, 5, 0, 0, 2, 2, 2, 1, 3, 1, 0, 2, 0, 1, 0, 0, 4, 7, 1, 3, 0, 0, 1, 0, 4,
1, 1, 0, 1, 1, 0, 0, 2, 5, 0, 2, 2, 3, 1, 1, 3, 0, 2, 1, 3, 1, 2, 0, 2, 4, 0, 0,
0, 2, 3, 0, 1, 3, 1, 0, 0, 2, 0, 0, 0, 4, 0, 0, 0, 0, 3, 2, 0, 0, 2, 0, 2, 0, 1,
0, 1, 0, 0, 0, 2, 0, 0, 0, 4, 3, 1, 3, 2, 2, 0, 3, 1, 0, 2, 0, 1, 0, 1, 1, 0, 3,
0, 2, 5, 1, 1, 4, 3, 0, 3, 2, 1, 3, 1, 5, 1, 0, 5, 0, 2, 1, 2, 3, 3, 0, 1, 0, 0,
1, 5, 0, 2, 3, 0, 2, 1, 2, 1, 1, 0, 0, 1, 0, 0, 3, 0, 1, 2, 2, 0, 0, 0, 0, 0, 2,
0, 2, 3, 1, 1, 0, 0, 0, 0, 1, 1, 3, 1, 3, 2, 4, 1, 3, 0, 0, 1, 2, 1, 0, 3, 2, 1,
1, 2, 0, 1, 2, 0, 1, 2, 0, 2, 2, 0, 4, 1, 0, 0, 0, 0, 0, 1, 2, 2, 1, 1, 1, 3, 2,
0, 2, 4, 2, 2, 1, 1, 0, 1, 0, 1, 0, 0, 0, 2, 3, 2, 3, 0, 1, 2, 4, 1, 1, 1, 2, 2,
3, 0, 0, 2, 0, 3, 0, 0, 1, 3, 0, 0, 0, 1, 1, 1, 3, 6, 3, 3, 1, 0, 0, 1, 1, 0, 0,
0, 0, 2, 8, 1, 4, 0, 2, 3, 4, 1, 4, 3, 1, 0, 0, 0, 0, 1, 2, 1, 0, 0, 1, 0, 1, 2,
1, 0, 3, 4, 2, 2, 1, 2, 1, 1, 0, 4, 1, 1, 3, 2, 1, 0, 1, 3, 0, 2, 3, 0, 5, 0, 1,
0, 1, 0, 1, 1, 2, 2, 3, 2, 0, 1, 2, 1, 0, 1, 0, 1, 5, 5, 0, 3, 3, 0, 0, 0, 3, 0,
0, 2, 1, 0, 3, 3, 0, 1, 0, 1, 0, 2, 1, 1, 5, 1, 0, 0, 3, 0, 1, 2, 3, 0, 3, 1, 0,
0, 2, 1, 4, 1, 0, 0, 2, 1, 1, 0, 0, 1, 0, 0, 1, 0, 0, 0, 1, 1, 0, 2, 0, 1, 5, 0,
0, 3, 5, 2, 3, 1, 1, 1, 4, 0, 0, 0, 0, 2, 5, 3, 1, 0, 0, 1, 0, 4, 2, 2, 0, 0, 0,
0, 0, 2, 5, 0, 4, 0, 4, 1, 0, 5, 0, 1, 1, 3, 1, 3, 0, 5, 5, 0, 0, 0, 2, 3, 0, 0,
1, 1, 0, 0, 1, 0, 1, 0, 2, 0, 0, 0, 0, 2, 2, 0, 0, 1, 0, 4, 1, 0, 0, 0, 0, 0, 0,
1, 0, 0, 0, 0, 4, 0, 2, 4, 3, 0, 2, 1, 0, 1, 0, 1, 0, 0, 2, 0, 3, 0, 2, 1, 2, 1,
4, 3, 0, 3, 2, 1, 2, 1, 4, 2, 1, 5, 0, 3, 1, 1, 4, 3, 0, 1, 0, 1, 1, 4, 0, 1, 2,
0, 1, 0, 2, 1, 1, 0, 1, 2, 0, 0, 3, 1, 1, 1, 2, 0, 0, 0, 0, 0, 2, 1, 4, 2, 0, 0,
0, 0, 0, 0, 1, 1, 1, 2, 2, 2, 4, 2, 1, 0, 0, 1, 2, 1, 0, 5, 2, 2, 1, 3, 0, 2, 0,
0, 1, 2, 0, 5, 2, 0, 2, 1, 0, 0, 0, 1, 0, 2, 2, 1, 2, 1, 1, 2),
.Dim = c(400, 2))
elevation <- 
c(68, 1003, 368, 396, 423, 418, 733, 74, 1121, 390, 612, 1079,
1399, 1193, 1382, 366, 263, 427, 661, 1225, 69, 598, 607, 81, 599, 654, 616,
907, 860, 1211, 1104, 822, 1267, 248, 558, 808, 190, 732, 1042, 1141, 1013, 527,
1, 359, 326, 176, 788, 472, 133, 1312, 269, 538, 1251, 1054, 75, 998, 1222, 468,
440, 897, 464, 877, 625, 367, 747, 221, 266, 10, 1162, 434, 1226, 975, 138, 789,
618, 516, 1333, 1274, 633, 1030, 143, 318, 509, 1033, 128, 392, 731, 909, 458,
918, 662, 1359, 157, 384, 665, 63, 336, 91, 481, 1228, 973, 413, 1108, 501, 422,
929, 151, 1348, 719, 228, 687, 557, 847, 1261, 792, 491, 553, 39, 1199, 1050,
105, 1307, 1345, 1032, 1022, 210, 404, 533, 728, 740, 142, 689, 1334, 855, 648,
1238, 1291, 325, 655, 677, 828, 888, 1061, 564, 1060, 235, 879, 868, 1377, 526,
574, 801, 812, 267, 247, 111, 1153, 466, 116, 1299, 921, 784, 1371, 257, 80,
449, 271, 840, 1083, 1189, 305, 1045, 407, 1214, 1001, 547, 1002, 1326, 246,
1284, 861, 1090, 19, 315, 1252, 164, 1012, 739, 447, 1381, 1180, 34, 707, 865,
198, 603, 708, 1024, 567, 1154, 809, 1156, 1128, 362, 596, 82, 502, 1217, 1365,
1053, 1009, 229, 722, 670, 1384, 9, 1336, 1285, 939, 573, 354, 1370, 750, 701,
332, 563, 900, 587, 1095, 730, 283, 38, 972, 686, 770, 576, 297, 623, 653, 1233,
1179, 529, 1206, 387, 863, 675, 1120, 1114, 679, 1113, 667, 1093, 72, 18, 226,
1125, 1323, 282, 110, 844, 1150, 223, 1397, 678, 1172, 928, 1342, 724, 1367,
1119, 1109, 601, 306, 1321, 1140, 107, 551, 896, 182, 575, 588, 717, 88, 285,
260, 532, 741, 761, 1303, 30, 341, 725, 467, 1395, 534, 369, 826, 185, 324, 893,
1200, 2, 1019, 102, 172, 884, 496, 115, 330, 696, 1266, 463, 606, 1073, 426,
377, 936, 688, 1277, 986, 755, 542, 1078, 885, 712, 1215, 901, 1195, 818, 713,
1040, 1219, 957, 25, 1304, 1388, 477, 758, 872, 93, 944, 1034, 1020, 240, 937,
79, 361, 234, 22, 450, 990, 851, 1066, 1311, 1305, 1245, 208, 849, 415, 321,
242, 734, 251, 465, 695, 955, 1089, 292, 850, 217, 1171, 329, 52, 634, 811, 373,
951, 448, 498, 1207, 705, 525, 1065, 433, 33, 1249, 462, 215, 680, 980, 67, 37,
1257, 213, 833, 360, 478, 1145, 1086, 140)
